J_xx: 0.0347563
J_yy: 0.0458929
J_zz: 0.0977
thrust_constant: 8.54858e-06
arm_length: 0.22
moment_constant: 0.06
gravity_constant: 9.81
max_rotor_speed: 1100
